  -2.8904155e-01
  -2.8759635e-01
  -2.8615114e-01
  -2.8470593e-01
  -2.8326072e-01
  -2.8181552e-01
  -2.8037031e-01
  -2.7892510e-01
  -2.7747989e-01
  -2.7603468e-01
  -2.7458948e-01
  -2.7314427e-01
  -2.7169906e-01
  -2.7025385e-01
  -2.6880865e-01
  -2.6736344e-01
  -2.6591823e-01
  -2.6447302e-01
  -2.6302781e-01
  -2.6158261e-01
  -2.6013740e-01
  -2.5869219e-01
  -2.5724698e-01
  -2.5580178e-01
  -2.5435657e-01
  -2.5291136e-01
  -2.5146615e-01
  -2.5002094e-01
  -2.4857574e-01
  -2.4713053e-01
  -2.4568532e-01
  -2.4424011e-01
  -2.4279491e-01
  -2.4134970e-01
  -2.3990449e-01
  -2.3845928e-01
  -2.3701407e-01
  -2.3556887e-01
  -2.3412366e-01
  -2.3267845e-01
  -2.3123324e-01
  -2.2978804e-01
  -2.2834283e-01
  -2.2689762e-01
  -2.2545241e-01
  -2.2400720e-01
  -2.2256200e-01
  -2.2111679e-01
  -2.1967158e-01
  -2.1822637e-01
  -2.1678117e-01
  -2.1533596e-01
  -2.1389075e-01
  -2.1244554e-01
  -2.1100033e-01
  -2.0955513e-01
  -2.0810992e-01
  -2.0666471e-01
  -2.0521950e-01
  -2.0377430e-01
  -2.0232909e-01
  -2.0088388e-01
  -1.9943867e-01
  -1.9799346e-01
  -1.9654826e-01
  -1.9510305e-01
  -1.9365784e-01
  -1.9221263e-01
  -1.9076743e-01
  -1.8932222e-01
  -1.8787701e-01
  -1.8643180e-01
  -1.8498659e-01
  -1.8354139e-01
  -1.8209618e-01
  -1.8065097e-01
  -1.7920576e-01
  -1.7776056e-01
  -1.7631535e-01
  -1.7487014e-01
  -1.7342493e-01
  -1.7197972e-01
  -1.7053452e-01
  -1.6908931e-01
  -1.6764410e-01
  -1.6619889e-01
  -1.6475369e-01
  -1.6330848e-01
  -1.6186327e-01
  -1.6041806e-01
  -1.5897285e-01
  -1.5752765e-01
  -1.5608244e-01
  -1.5463723e-01
  -1.5319202e-01
  -1.5174682e-01
  -1.5030161e-01
  -1.4885640e-01
  -1.4741119e-01
  -1.4596598e-01
  -1.4452078e-01
  -1.4307557e-01
  -1.4163036e-01
  -1.4018515e-01
  -1.3873995e-01
  -1.3729474e-01
  -1.3584953e-01
  -1.3440432e-01
  -1.3295911e-01
  -1.3151391e-01
  -1.3006870e-01
  -1.2862349e-01
  -1.2717828e-01
  -1.2573308e-01
  -1.2428787e-01
  -1.2284266e-01
  -1.2139745e-01
  -1.1995225e-01
  -1.1850704e-01
  -1.1706183e-01
  -1.1561662e-01
  -1.1417141e-01
  -1.1272621e-01
  -1.1128100e-01
  -1.0983579e-01
  -1.0839058e-01
  -1.0694538e-01
  -1.0550017e-01
  -1.0405496e-01
  -1.0260975e-01
  -1.0116454e-01
  -9.9719336e-02
  -9.8274128e-02
  -9.6828921e-02
  -9.5383713e-02
  -9.3938505e-02
  -9.2493297e-02
  -9.1048090e-02
  -8.9602882e-02
  -8.8157674e-02
  -8.6712466e-02
  -8.5267259e-02
  -8.3822051e-02
  -8.2376843e-02
  -8.0931635e-02
  -7.9486427e-02
  -7.8041220e-02
  -7.6596012e-02
  -7.5150804e-02
  -7.3705596e-02
  -7.2260389e-02
  -7.0815181e-02
  -6.9369973e-02
  -6.7924765e-02
  -6.6479557e-02
  -6.5034350e-02
  -6.3589142e-02
  -6.2143934e-02
  -6.0698726e-02
  -5.9253519e-02
  -5.7808311e-02
  -5.6363103e-02
  -5.4917895e-02
  -5.3472688e-02
  -5.2027480e-02
  -5.0582272e-02
  -4.9137064e-02
  -4.7691856e-02
  -4.6246649e-02
  -4.4801441e-02
  -4.3356233e-02
  -4.1911025e-02
  -4.0465818e-02
  -3.9020610e-02
  -3.7575402e-02
  -3.6130194e-02
  -3.4684987e-02
  -3.3239779e-02
  -3.1794571e-02
  -3.0349363e-02
  -2.8904155e-02
  -2.7458948e-02
  -2.6013740e-02
  -2.4568532e-02
  -2.3123324e-02
  -2.1678117e-02
  -2.0232909e-02
  -1.8787701e-02
  -1.7342493e-02
  -1.5897285e-02
  -1.4452078e-02
  -1.3006870e-02
  -1.1561662e-02
  -1.0116454e-02
  -8.6712466e-03
  -7.2260389e-03
  -5.7808311e-03
  -4.3356233e-03
  -2.8904155e-03
  -1.4452078e-03
   0.0000000e+00
   1.4452078e-03
   2.8904155e-03
   4.3356233e-03
   5.7808311e-03
   7.2260389e-03
   8.6712466e-03
   1.0116454e-02
   1.1561662e-02
   1.3006870e-02
   1.4452078e-02
   1.5897285e-02
   1.7342493e-02
   1.8787701e-02
   2.0232909e-02
   2.1678117e-02
   2.3123324e-02
   2.4568532e-02
   2.6013740e-02
   2.7458948e-02
   2.8904155e-02
   3.0349363e-02
   3.1794571e-02
   3.3239779e-02
   3.4684987e-02
   3.6130194e-02
   3.7575402e-02
   3.9020610e-02
   4.0465818e-02
   4.1911025e-02
   4.3356233e-02
   4.4801441e-02
   4.6246649e-02
   4.7691856e-02
   4.9137064e-02
   5.0582272e-02
   5.2027480e-02
   5.3472688e-02
   5.4917895e-02
   5.6363103e-02
   5.7808311e-02
   5.9253519e-02
   6.0698726e-02
   6.2143934e-02
   6.3589142e-02
   6.5034350e-02
   6.6479557e-02
   6.7924765e-02
   6.9369973e-02
   7.0815181e-02
   7.2260389e-02
   7.3705596e-02
   7.5150804e-02
   7.6596012e-02
   7.8041220e-02
   7.9486427e-02
   8.0931635e-02
   8.2376843e-02
   8.3822051e-02
   8.5267259e-02
   8.6712466e-02
   8.8157674e-02
   8.9602882e-02
   9.1048090e-02
   9.2493297e-02
   9.3938505e-02
   9.5383713e-02
   9.6828921e-02
   9.8274128e-02
   9.9719336e-02
   1.0116454e-01
   1.0260975e-01
   1.0405496e-01
   1.0550017e-01
   1.0694538e-01
   1.0839058e-01
   1.0983579e-01
   1.1128100e-01
   1.1272621e-01
   1.1417141e-01
   1.1561662e-01
   1.1706183e-01
   1.1850704e-01
   1.1995225e-01
   1.2139745e-01
   1.2284266e-01
   1.2428787e-01
   1.2573308e-01
   1.2717828e-01
   1.2862349e-01
   1.3006870e-01
   1.3151391e-01
   1.3295911e-01
   1.3440432e-01
   1.3584953e-01
   1.3729474e-01
   1.3873995e-01
   1.4018515e-01
   1.4163036e-01
   1.4307557e-01
   1.4452078e-01
   1.4596598e-01
   1.4741119e-01
   1.4885640e-01
   1.5030161e-01
   1.5174682e-01
   1.5319202e-01
   1.5463723e-01
   1.5608244e-01
   1.5752765e-01
   1.5897285e-01
   1.6041806e-01
   1.6186327e-01
   1.6330848e-01
   1.6475369e-01
   1.6619889e-01
   1.6764410e-01
   1.6908931e-01
   1.7053452e-01
   1.7197972e-01
   1.7342493e-01
   1.7487014e-01
   1.7631535e-01
   1.7776056e-01
   1.7920576e-01
   1.8065097e-01
   1.8209618e-01
   1.8354139e-01
   1.8498659e-01
   1.8643180e-01
   1.8787701e-01
   1.8932222e-01
   1.9076743e-01
   1.9221263e-01
   1.9365784e-01
   1.9510305e-01
   1.9654826e-01
   1.9799346e-01
   1.9943867e-01
   2.0088388e-01
   2.0232909e-01
   2.0377430e-01
   2.0521950e-01
   2.0666471e-01
   2.0810992e-01
   2.0955513e-01
   2.1100033e-01
   2.1244554e-01
   2.1389075e-01
   2.1533596e-01
   2.1678117e-01
   2.1822637e-01
   2.1967158e-01
   2.2111679e-01
   2.2256200e-01
   2.2400720e-01
   2.2545241e-01
   2.2689762e-01
   2.2834283e-01
   2.2978804e-01
   2.3123324e-01
   2.3267845e-01
   2.3412366e-01
   2.3556887e-01
   2.3701407e-01
   2.3845928e-01
   2.3990449e-01
   2.4134970e-01
   2.4279491e-01
   2.4424011e-01
   2.4568532e-01
   2.4713053e-01
   2.4857574e-01
   2.5002094e-01
   2.5146615e-01
   2.5291136e-01
   2.5435657e-01
   2.5580178e-01
   2.5724698e-01
   2.5869219e-01
   2.6013740e-01
   2.6158261e-01
   2.6302781e-01
   2.6447302e-01
   2.6591823e-01
   2.6736344e-01
   2.6880865e-01
   2.7025385e-01
   2.7169906e-01
   2.7314427e-01
   2.7458948e-01
   2.7603468e-01
   2.7747989e-01
   2.7892510e-01
   2.8037031e-01
   2.8181552e-01
   2.8326072e-01
   2.8470593e-01
   2.8615114e-01
   2.8759635e-01
   2.8904155e-01
