  -2.8904155e-01   2.9911342e+00
  -2.8759635e-01   2.9883834e+00
  -2.8615114e-01   2.9870813e+00
  -2.8470593e-01   2.9871139e+00
  -2.8326072e-01   2.9883656e+00
  -2.8181552e-01   2.9907191e+00
  -2.8037031e-01   2.9940562e+00
  -2.7892510e-01   2.9982584e+00
  -2.7747989e-01   3.0032067e+00
  -2.7603468e-01   3.0087826e+00
  -2.7458948e-01   3.0148677e+00
  -2.7314427e-01   3.0213446e+00
  -2.7169906e-01   3.0281013e+00
  -2.7025385e-01   3.0350707e+00
  -2.6880865e-01   3.0422102e+00
  -2.6736344e-01   3.0494776e+00
  -2.6591823e-01   3.0568313e+00
  -2.6447302e-01   3.0642299e+00
  -2.6302781e-01   3.0716393e+00
  -2.6158261e-01   3.0790456e+00
  -2.6013740e-01   3.0864389e+00
  -2.5869219e-01   3.0938093e+00
  -2.5724698e-01   3.1011473e+00
  -2.5580178e-01   3.1084431e+00
  -2.5435657e-01   3.1156905e+00
  -2.5291136e-01   3.1228870e+00
  -2.5146615e-01   3.1300299e+00
  -2.5002094e-01   3.1371168e+00
  -2.4857574e-01   3.1441453e+00
  -2.4713053e-01   3.1511131e+00
  -2.4568532e-01   3.1580199e+00
  -2.4424011e-01   3.1648659e+00
  -2.4279491e-01   3.1716514e+00
  -2.4134970e-01   3.1783767e+00
  -2.3990449e-01   3.1850419e+00
  -2.3845928e-01   3.1916472e+00
  -2.3701407e-01   3.1981925e+00
  -2.3556887e-01   3.2046774e+00
  -2.3412366e-01   3.2111018e+00
  -2.3267845e-01   3.2174654e+00
  -2.3123324e-01   3.2237680e+00
  -2.2978804e-01   3.2300080e+00
  -2.2834283e-01   3.2361827e+00
  -2.2689762e-01   3.2422897e+00
  -2.2545241e-01   3.2483262e+00
  -2.2400720e-01   3.2542897e+00
  -2.2256200e-01   3.2601785e+00
  -2.2111679e-01   3.2659951e+00
  -2.1967158e-01   3.2717433e+00
  -2.1822637e-01   3.2774269e+00
  -2.1678117e-01   3.2830495e+00
  -2.1533596e-01   3.2886148e+00
  -2.1389075e-01   3.2941240e+00
  -2.1244554e-01   3.2995735e+00
  -2.1100033e-01   3.3049596e+00
  -2.0955513e-01   3.3102784e+00
  -2.0810992e-01   3.3155263e+00
  -2.0666471e-01   3.3206994e+00
  -2.0521950e-01   3.3257943e+00
  -2.0377430e-01   3.3308078e+00
  -2.0232909e-01   3.3357366e+00
  -2.0088388e-01   3.3405775e+00
  -1.9943867e-01   3.3453273e+00
  -1.9799346e-01   3.3499844e+00
  -1.9654826e-01   3.3545535e+00
  -1.9510305e-01   3.3590405e+00
  -1.9365784e-01   3.3634513e+00
  -1.9221263e-01   3.3677919e+00
  -1.9076743e-01   3.3720679e+00
  -1.8932222e-01   3.3762795e+00
  -1.8787701e-01   3.3804192e+00
  -1.8643180e-01   3.3844791e+00
  -1.8498659e-01   3.3884514e+00
  -1.8354139e-01   3.3923283e+00
  -1.8209618e-01   3.3961033e+00
  -1.8065097e-01   3.3997817e+00
  -1.7920576e-01   3.4033742e+00
  -1.7776056e-01   3.4068916e+00
  -1.7631535e-01   3.4103447e+00
  -1.7487014e-01   3.4137443e+00
  -1.7342493e-01   3.4170921e+00
  -1.7197972e-01   3.4203661e+00
  -1.7053452e-01   3.4235398e+00
  -1.6908931e-01   3.4265872e+00
  -1.6764410e-01   3.4294821e+00
  -1.6619889e-01   3.4321994e+00
  -1.6475369e-01   3.4347358e+00
  -1.6330848e-01   3.4371101e+00
  -1.6186327e-01   3.4393421e+00
  -1.6041806e-01   3.4414513e+00
  -1.5897285e-01   3.4434574e+00
  -1.5752765e-01   3.4453769e+00
  -1.5608244e-01   3.4472074e+00
  -1.5463723e-01   3.4489395e+00
  -1.5319202e-01   3.4505636e+00
  -1.5174682e-01   3.4520704e+00
  -1.5030161e-01   3.4534504e+00
  -1.4885640e-01   3.4546963e+00
  -1.4741119e-01   3.4558054e+00
  -1.4596598e-01   3.4567752e+00
  -1.4452078e-01   3.4576037e+00
  -1.4307557e-01   3.4582885e+00
  -1.4163036e-01   3.4588270e+00
  -1.4018515e-01   3.4592147e+00
  -1.3873995e-01   3.4594448e+00
  -1.3729474e-01   3.4595107e+00
  -1.3584953e-01   3.4594058e+00
  -1.3440432e-01   3.4591232e+00
  -1.3295911e-01   3.4586553e+00
  -1.3151391e-01   3.4579899e+00
  -1.3006870e-01   3.4571132e+00
  -1.2862349e-01   3.4560117e+00
  -1.2717828e-01   3.4546716e+00
  -1.2573308e-01   3.4530791e+00
  -1.2428787e-01   3.4512103e+00
  -1.2284266e-01   3.4490261e+00
  -1.2139745e-01   3.4464856e+00
  -1.1995225e-01   3.4435477e+00
  -1.1850704e-01   3.4401712e+00
  -1.1706183e-01   3.4363119e+00
  -1.1561662e-01   3.4318981e+00
  -1.1417141e-01   3.4268413e+00
  -1.1272621e-01   3.4210517e+00
  -1.1128100e-01   3.4144385e+00
  -1.0983579e-01   3.4069097e+00
  -1.0839058e-01   3.3982850e+00
  -1.0694538e-01   3.3880875e+00
  -1.0550017e-01   3.3757707e+00
  -1.0405496e-01   3.3607762e+00
  -1.0260975e-01   3.3425303e+00
  -1.0116454e-01   3.3204570e+00
  -9.9719336e-02   3.2946035e+00
  -9.8274128e-02   3.2658092e+00
  -9.6828921e-02   3.2349833e+00
  -9.5383713e-02   3.2030644e+00
  -9.3938505e-02   3.1710272e+00
  -9.2493297e-02   3.1399281e+00
  -9.1048090e-02   3.1111941e+00
  -8.9602882e-02   3.0864553e+00
  -8.8157674e-02   3.0673825e+00
  -8.6712466e-02   3.0556624e+00
  -8.5267259e-02   3.0529598e+00
  -8.3822051e-02   3.0602728e+00
  -8.2376843e-02   3.0769806e+00
  -8.0931635e-02   3.1021516e+00
  -7.9486427e-02   3.1348103e+00
  -7.8041220e-02   3.1739634e+00
  -7.6596012e-02   3.2186320e+00
  -7.5150804e-02   3.2680574e+00
  -7.3705596e-02   3.3216881e+00
  -7.2260389e-02   3.3789975e+00
  -7.0815181e-02   3.4394810e+00
  -6.9369973e-02   3.5026595e+00
  -6.7924765e-02   3.5683785e+00
  -6.6479557e-02   3.6381331e+00
  -6.5034350e-02   3.7138578e+00
  -6.3589142e-02   3.7973100e+00
  -6.2143934e-02   3.8900568e+00
  -6.0698726e-02   3.9934413e+00
  -5.9253519e-02   4.1063300e+00
  -5.7808311e-02   4.2234054e+00
  -5.6363103e-02   4.3394267e+00
  -5.4917895e-02   4.4496949e+00
  -5.3472688e-02   4.5499522e+00
  -5.2027480e-02   4.6369025e+00
  -5.0582272e-02   4.7161762e+00
  -4.9137064e-02   4.7992731e+00
  -4.7691856e-02   4.8970352e+00
  -4.6246649e-02   5.0193715e+00
  -4.4801441e-02   5.1749791e+00
  -4.3356233e-02   5.3682257e+00
  -4.1911025e-02   5.5909751e+00
  -4.0465818e-02   5.8329911e+00
  -3.9020610e-02   6.0854007e+00
  -3.7575402e-02   6.3406516e+00
  -3.6130194e-02   6.5924205e+00
  -3.4684987e-02   6.8392782e+00
  -3.3239779e-02   7.0856327e+00
  -3.1794571e-02   7.3357340e+00
  -3.0349363e-02   7.5932687e+00
  -2.8904155e-02   7.8614244e+00
  -2.7458948e-02   8.1427503e+00
  -2.6013740e-02   8.4376816e+00
  -2.4568532e-02   8.7456012e+00
  -2.3123324e-02   9.0659081e+00
  -2.1678117e-02   9.3980328e+00
  -2.0232909e-02   9.7414374e+00
  -1.8787701e-02   1.0092915e+01
  -1.7342493e-02   1.0441542e+01
  -1.5897285e-02   1.0776274e+01
  -1.4452078e-02   1.1087366e+01
  -1.3006870e-02   1.1366023e+01
  -1.1561662e-02   1.1604273e+01
  -1.0116454e-02   1.1800393e+01
  -8.6712466e-03   1.1959039e+01
  -7.2260389e-03   1.2084603e+01
  -5.7808311e-03   1.2181002e+01
  -4.3356233e-03   1.2251799e+01
  -2.8904155e-03   1.2300134e+01
  -1.4452078e-03   1.2327782e+01
   0.0000000e+00   1.2335893e+01
   1.4452078e-03   1.2325511e+01
   2.8904155e-03   1.2297601e+01
   4.3356233e-03   1.2253050e+01
   5.7808311e-03   1.2190945e+01
   7.2260389e-03   1.2106177e+01
   8.6712466e-03   1.1992790e+01
   1.0116454e-02   1.1844419e+01
   1.1561662e-02   1.1654092e+01
   1.3006870e-02   1.1414492e+01
   1.4452078e-02   1.1127183e+01
   1.5897285e-02   1.0802399e+01
   1.7342493e-02   1.0451484e+01
   1.8787701e-02   1.0087085e+01
   2.0232909e-02   9.7236376e+00
   2.1678117e-02   9.3752555e+00
   2.3123324e-02   9.0445955e+00
   2.4568532e-02   8.7300926e+00
   2.6013740e-02   8.4298470e+00
   2.7458948e-02   8.1415967e+00
   2.8904155e-02   7.8626998e+00
   3.0349363e-02   7.5914261e+00
   3.1794571e-02   7.3282382e+00
   3.3239779e-02   7.0739053e+00
   3.4684987e-02   6.8292787e+00
   3.6130194e-02   6.5952957e+00
   3.7575402e-02   6.3729075e+00
   3.9020610e-02   6.1621967e+00
   4.0465818e-02   5.9625277e+00
   4.1911025e-02   5.7730979e+00
   4.3356233e-02   5.5929368e+00
   4.4801441e-02   5.4208940e+00
   4.6246649e-02   5.2559097e+00
   4.7691856e-02   5.0978727e+00
   4.9137064e-02   4.9469043e+00
   5.0582272e-02   4.8031102e+00
   5.2027480e-02   4.6665761e+00
   5.3472688e-02   4.5373609e+00
   5.4917895e-02   4.4153589e+00
   5.6363103e-02   4.3002269e+00
   5.7808311e-02   4.1915347e+00
   5.9253519e-02   4.0887747e+00
   6.0698726e-02   3.9913588e+00
   6.2143934e-02   3.8986704e+00
   6.3589142e-02   3.8104963e+00
   6.5034350e-02   3.7268430e+00
   6.6479557e-02   3.6477030e+00
   6.7924765e-02   3.5730511e+00
   6.9369973e-02   3.5028425e+00
   7.0815181e-02   3.4370405e+00
   7.2260389e-02   3.3756723e+00
   7.3705596e-02   3.3187646e+00
   7.5150804e-02   3.2663280e+00
   7.6596012e-02   3.2183549e+00
   7.8041220e-02   3.1748391e+00
   7.9486427e-02   3.1362848e+00
   8.0931635e-02   3.1037649e+00
   8.2376843e-02   3.0783929e+00
   8.3822051e-02   3.0612744e+00
   8.5267259e-02   3.0534782e+00
   8.6712466e-02   3.0557535e+00
   8.8157674e-02   3.0671497e+00
   8.9602882e-02   3.0860145e+00
   9.1048090e-02   3.1106714e+00
   9.2493297e-02   3.1394578e+00
   9.3938505e-02   3.1707504e+00
   9.5383713e-02   3.2031039e+00
   9.6828921e-02   3.2353918e+00
   9.8274128e-02   3.2665664e+00
   9.9719336e-02   3.2956186e+00
   1.0116454e-01   3.3215716e+00
   1.0260975e-01   3.3435246e+00
   1.0405496e-01   3.3614468e+00
   1.0550017e-01   3.3759928e+00
   1.0694538e-01   3.3878143e+00
   1.0839058e-01   3.3975465e+00
   1.0983579e-01   3.4058127e+00
   1.1128100e-01   3.4131488e+00
   1.1272621e-01   3.4197148e+00
   1.1417141e-01   3.4255590e+00
   1.1561662e-01   3.4307290e+00
   1.1706183e-01   3.4352718e+00
   1.1850704e-01   3.4392338e+00
   1.1995225e-01   3.4426638e+00
   1.2139745e-01   3.4456156e+00
   1.2284266e-01   3.4481432e+00
   1.2428787e-01   3.4502999e+00
   1.2573308e-01   3.4521391e+00
   1.2717828e-01   3.4537116e+00
   1.2862349e-01   3.4550427e+00
   1.3006870e-01   3.4561419e+00
   1.3151391e-01   3.4570182e+00
   1.3295911e-01   3.4576809e+00
   1.3440432e-01   3.4581389e+00
   1.3584953e-01   3.4584009e+00
   1.3729474e-01   3.4584747e+00
   1.3873995e-01   3.4583679e+00
   1.4018515e-01   3.4580881e+00
   1.4163036e-01   3.4576427e+00
   1.4307557e-01   3.4570391e+00
   1.4452078e-01   3.4562837e+00
   1.4596598e-01   3.4553814e+00
   1.4741119e-01   3.4543368e+00
   1.4885640e-01   3.4531547e+00
   1.5030161e-01   3.4518397e+00
   1.5174682e-01   3.4503965e+00
   1.5319202e-01   3.4488273e+00
   1.5463723e-01   3.4471337e+00
   1.5608244e-01   3.4453172e+00
   1.5752765e-01   3.4433791e+00
   1.5897285e-01   3.4413209e+00
   1.6041806e-01   3.4391446e+00
   1.6186327e-01   3.4368529e+00
   1.6330848e-01   3.4344490e+00
   1.6475369e-01   3.4319361e+00
   1.6619889e-01   3.4293172e+00
   1.6764410e-01   3.4265953e+00
   1.6908931e-01   3.4237723e+00
   1.7053452e-01   3.4208488e+00
   1.7197972e-01   3.4178253e+00
   1.7342493e-01   3.4147023e+00
   1.7487014e-01   3.4114805e+00
   1.7631535e-01   3.4081604e+00
   1.7776056e-01   3.4047438e+00
   1.7920576e-01   3.4012328e+00
   1.8065097e-01   3.3976295e+00
   1.8209618e-01   3.3939359e+00
   1.8354139e-01   3.3901543e+00
   1.8498659e-01   3.3862864e+00
   1.8643180e-01   3.3823339e+00
   1.8787701e-01   3.3782986e+00
   1.8932222e-01   3.3741819e+00
   1.9076743e-01   3.3699855e+00
   1.9221263e-01   3.3657109e+00
   1.9365784e-01   3.3613587e+00
   1.9510305e-01   3.3569286e+00
   1.9654826e-01   3.3524203e+00
   1.9799346e-01   3.3478334e+00
   1.9943867e-01   3.3431676e+00
   2.0088388e-01   3.3384231e+00
   2.0232909e-01   3.3336016e+00
   2.0377430e-01   3.3287056e+00
   2.0521950e-01   3.3237374e+00
   2.0666471e-01   3.3186995e+00
   2.0810992e-01   3.3135941e+00
   2.0955513e-01   3.3084227e+00
   2.1100033e-01   3.3031848e+00
   2.1244554e-01   3.2978801e+00
   2.1389075e-01   3.2925080e+00
   2.1533596e-01   3.2870682e+00
   2.1678117e-01   3.2815601e+00
   2.1822637e-01   3.2759837e+00
   2.1967158e-01   3.2703391e+00
   2.2111679e-01   3.2646265e+00
   2.2256200e-01   3.2588460e+00
   2.2400720e-01   3.2529978e+00
   2.2545241e-01   3.2470822e+00
   2.2689762e-01   3.2411006e+00
   2.2834283e-01   3.2350544e+00
   2.2978804e-01   3.2289452e+00
   2.3123324e-01   3.2227743e+00
   2.3267845e-01   3.2165433e+00
   2.3412366e-01   3.2102523e+00
   2.3556887e-01   3.2038998e+00
   2.3701407e-01   3.1974842e+00
   2.3845928e-01   3.1910039e+00
   2.3990449e-01   3.1844573e+00
   2.4134970e-01   3.1778431e+00
   2.4279491e-01   3.1711619e+00
   2.4424011e-01   3.1644154e+00
   2.4568532e-01   3.1576050e+00
   2.4713053e-01   3.1507325e+00
   2.4857574e-01   3.1437994e+00
   2.5002094e-01   3.1368074e+00
   2.5146615e-01   3.1297580e+00
   2.5291136e-01   3.1226525e+00
   2.5435657e-01   3.1154926e+00
   2.5580178e-01   3.1082798e+00
   2.5724698e-01   3.1010159e+00
   2.5869219e-01   3.0937072e+00
   2.6013740e-01   3.0863646e+00
   2.6158261e-01   3.0789991e+00
   2.6302781e-01   3.0716219e+00
   2.6447302e-01   3.0642441e+00
   2.6591823e-01   3.0568805e+00
   2.6736344e-01   3.0495644e+00
   2.6880865e-01   3.0423354e+00
   2.7025385e-01   3.0352336e+00
   2.7169906e-01   3.0282994e+00
   2.7314427e-01   3.0215738e+00
   2.7458948e-01   3.0151230e+00
   2.7603468e-01   3.0090596e+00
   2.7747989e-01   3.0035018e+00
   2.7892510e-01   2.9985686e+00
   2.8037031e-01   2.9943796e+00
   2.8181552e-01   2.9910543e+00
   2.8326072e-01   2.9887122e+00
   2.8470593e-01   2.9874722e+00
   2.8615114e-01   2.9874523e+00
   2.8759635e-01   2.9887690e+00
   2.8904155e-01   2.9915372e+00
