   7.8250304e-02
   7.8245319e-02
   7.8224851e-02
   7.8190443e-02
   7.8143637e-02
   7.8085974e-02
   7.8018998e-02
   7.7944250e-02
   7.7863272e-02
   7.7777607e-02
   7.7688798e-02
   7.7598385e-02
   7.7507864e-02
   7.7418276e-02
   7.7330421e-02
   7.7245097e-02
   7.7163100e-02
   7.7085229e-02
   7.7012202e-02
   7.6944512e-02
   7.6882604e-02
   7.6826928e-02
   7.6777931e-02
   7.6736058e-02
   7.6701661e-02
   7.6674993e-02
   7.6656302e-02
   7.6645836e-02
   7.6643841e-02
   7.6650547e-02
   7.6666048e-02
   7.6690387e-02
   7.6723605e-02
   7.6765743e-02
   7.6816843e-02
   7.6876958e-02
   7.6946163e-02
   7.7024538e-02
   7.7112163e-02
   7.7209118e-02
   7.7315481e-02
   7.7431292e-02
   7.7556563e-02
   7.7691302e-02
   7.7835520e-02
   7.7989226e-02
   7.8152429e-02
   7.8325136e-02
   7.8507351e-02
   7.8699079e-02
   7.8900326e-02
   7.9111096e-02
   7.9331383e-02
   7.9561158e-02
   7.9800391e-02
   8.0049052e-02
   8.0307112e-02
   8.0574541e-02
   8.0851322e-02
   8.1137448e-02
   8.1432910e-02
   8.1737699e-02
   8.2051808e-02
   8.2375218e-02
   8.2707878e-02
   8.3049728e-02
   8.3400707e-02
   8.3760754e-02
   8.4129812e-02
   8.4507846e-02
   8.4894855e-02
   8.5290842e-02
   8.5695808e-02
   8.6109757e-02
   8.6532684e-02
   8.6964540e-02
   8.7405256e-02
   8.7854758e-02
   8.8312976e-02
   8.8779837e-02
   8.9255268e-02
   8.9739183e-02
   9.0231497e-02
   9.0732124e-02
   9.1240978e-02
   9.1757973e-02
   9.2283028e-02
   9.2816063e-02
   9.3357001e-02
   9.3905764e-02
   9.4462273e-02
   9.5026448e-02
   9.5598200e-02
   9.6177432e-02
   9.6764051e-02
   9.7357962e-02
   9.7959070e-02
   9.8567260e-02
   9.9182379e-02
   9.9804267e-02
   1.0043276e-01
   1.0106771e-01
   1.0170894e-01
   1.0235624e-01
   1.0300937e-01
   1.0366806e-01
   1.0433207e-01
   1.0500115e-01
   1.0567500e-01
   1.0635324e-01
   1.0703544e-01
   1.0772116e-01
   1.0840997e-01
   1.0910144e-01
   1.0979497e-01
   1.1048975e-01
   1.1118489e-01
   1.1187955e-01
   1.1257288e-01
   1.1326394e-01
   1.1395111e-01
   1.1463234e-01
   1.1530558e-01
   1.1596876e-01
   1.1661983e-01
   1.1725580e-01
   1.1787051e-01
   1.1845714e-01
   1.1900887e-01
   1.1951888e-01
   1.1998020e-01
   1.2038078e-01
   1.2070239e-01
   1.2092640e-01
   1.2103419e-01
   1.2100713e-01
   1.2082876e-01
   1.2049920e-01
   1.2002623e-01
   1.1941768e-01
   1.1868135e-01
   1.1782509e-01
   1.1685792e-01
   1.1579199e-01
   1.1463991e-01
   1.1341428e-01
   1.1212771e-01
   1.1079262e-01
   1.0941683e-01
   1.0800392e-01
   1.0655725e-01
   1.0508022e-01
   1.0357621e-01
   1.0204844e-01
   1.0049920e-01
   9.8930457e-02
   9.7344175e-02
   9.5742323e-02
   9.4126865e-02
   9.2499602e-02
   9.0862022e-02
   8.9215576e-02
   8.7561714e-02
   8.5901887e-02
   8.4237537e-02
   8.2569987e-02
   8.0900469e-02
   7.9230215e-02
   7.7560456e-02
   7.5892424e-02
   7.4227434e-02
   7.2567157e-02
   7.0913355e-02
   6.9267788e-02
   6.7632220e-02
   6.6008423e-02
   6.4398764e-02
   6.2806484e-02
   6.1234897e-02
   5.9687314e-02
   5.8167047e-02
   5.6677450e-02
   5.5222276e-02
   5.3805500e-02
   5.2431102e-02
   5.1103061e-02
   4.9825358e-02
   4.8604374e-02
   4.7453959e-02
   4.6389413e-02
   4.5426032e-02
   4.4579115e-02
   4.3863497e-02
   4.3280454e-02
   4.2815838e-02
   4.2454665e-02
   4.2181952e-02
   4.1982714e-02
   4.1843329e-02
   4.1759707e-02
   4.1731833e-02
   4.1759707e-02
   4.1843329e-02
   4.1982714e-02
   4.2181952e-02
   4.2454665e-02
   4.2815838e-02
   4.3280454e-02
   4.3863497e-02
   4.4579115e-02
   4.5426032e-02
   4.6389413e-02
   4.7453959e-02
   4.8604374e-02
   4.9825358e-02
   5.1103061e-02
   5.2431102e-02
   5.3805500e-02
   5.5222276e-02
   5.6677450e-02
   5.8167047e-02
   5.9687314e-02
   6.1234897e-02
   6.2806484e-02
   6.4398764e-02
   6.6008423e-02
   6.7632220e-02
   6.9267788e-02
   7.0913355e-02
   7.2567157e-02
   7.4227434e-02
   7.5892424e-02
   7.7560456e-02
   7.9230215e-02
   8.0900469e-02
   8.2569987e-02
   8.4237537e-02
   8.5901887e-02
   8.7561714e-02
   8.9215576e-02
   9.0862022e-02
   9.2499602e-02
   9.4126865e-02
   9.5742323e-02
   9.7344175e-02
   9.8930457e-02
   1.0049920e-01
   1.0204844e-01
   1.0357621e-01
   1.0508022e-01
   1.0655725e-01
   1.0800392e-01
   1.0941683e-01
   1.1079262e-01
   1.1212771e-01
   1.1341428e-01
   1.1463991e-01
   1.1579199e-01
   1.1685792e-01
   1.1782509e-01
   1.1868135e-01
   1.1941768e-01
   1.2002623e-01
   1.2049920e-01
   1.2082876e-01
   1.2100713e-01
   1.2103419e-01
   1.2092640e-01
   1.2070239e-01
   1.2038078e-01
   1.1998020e-01
   1.1951888e-01
   1.1900887e-01
   1.1845714e-01
   1.1787051e-01
   1.1725580e-01
   1.1661983e-01
   1.1596876e-01
   1.1530558e-01
   1.1463234e-01
   1.1395111e-01
   1.1326394e-01
   1.1257288e-01
   1.1187955e-01
   1.1118489e-01
   1.1048975e-01
   1.0979497e-01
   1.0910144e-01
   1.0840997e-01
   1.0772116e-01
   1.0703544e-01
   1.0635324e-01
   1.0567500e-01
   1.0500115e-01
   1.0433207e-01
   1.0366806e-01
   1.0300937e-01
   1.0235624e-01
   1.0170894e-01
   1.0106771e-01
   1.0043276e-01
   9.9804267e-02
   9.9182379e-02
   9.8567260e-02
   9.7959070e-02
   9.7357962e-02
   9.6764051e-02
   9.6177432e-02
   9.5598200e-02
   9.5026448e-02
   9.4462273e-02
   9.3905764e-02
   9.3357001e-02
   9.2816063e-02
   9.2283028e-02
   9.1757973e-02
   9.1240978e-02
   9.0732124e-02
   9.0231497e-02
   8.9739183e-02
   8.9255268e-02
   8.8779837e-02
   8.8312976e-02
   8.7854758e-02
   8.7405256e-02
   8.6964540e-02
   8.6532684e-02
   8.6109757e-02
   8.5695808e-02
   8.5290842e-02
   8.4894855e-02
   8.4507846e-02
   8.4129812e-02
   8.3760754e-02
   8.3400707e-02
   8.3049728e-02
   8.2707878e-02
   8.2375218e-02
   8.2051808e-02
   8.1737699e-02
   8.1432910e-02
   8.1137448e-02
   8.0851322e-02
   8.0574541e-02
   8.0307112e-02
   8.0049052e-02
   7.9800391e-02
   7.9561158e-02
   7.9331383e-02
   7.9111096e-02
   7.8900326e-02
   7.8699079e-02
   7.8507351e-02
   7.8325136e-02
   7.8152429e-02
   7.7989226e-02
   7.7835520e-02
   7.7691302e-02
   7.7556563e-02
   7.7431292e-02
   7.7315481e-02
   7.7209118e-02
   7.7112163e-02
   7.7024538e-02
   7.6946163e-02
   7.6876958e-02
   7.6816843e-02
   7.6765743e-02
   7.6723605e-02
   7.6690387e-02
   7.6666048e-02
   7.6650547e-02
   7.6643841e-02
   7.6645836e-02
   7.6656302e-02
   7.6674993e-02
   7.6701661e-02
   7.6736058e-02
   7.6777931e-02
   7.6826928e-02
   7.6882604e-02
   7.6944512e-02
   7.7012202e-02
   7.7085229e-02
   7.7163100e-02
   7.7245097e-02
   7.7330421e-02
   7.7418276e-02
   7.7507864e-02
   7.7598385e-02
   7.7688798e-02
   7.7777607e-02
   7.7863272e-02
   7.7944250e-02
   7.8018998e-02
   7.8085974e-02
   7.8143637e-02
   7.8190443e-02
   7.8224851e-02
   7.8245319e-02
   7.8250304e-02
